11111111111111111111111111111111111111111111111111111111111111111111111111111111
11111110000111111111111111111111111002001111111111111111111111111111111111111111
11110000200000111111111111111111111000000111111111110001111110001111111110000011
11110002000000011111111111111111111100000011111111100200111100200111000000004011
11110000000000000000111111111110000000000001111111100000111100000011000000000011
11110000000000000000001111111000000000000000000000000000000000000000000000001111
11111000000000000000001111100002000000000200000000000000000000000000000011111111
11111110000000000000011111000000000000000000000000000200000000000000011111111111
11111111000666600000000111000000000011110000111100000000000000000000000000001111
11111100006666660000000000000000000011110001111111100000000020000010000002000011
11111000006666660000000000000000111111110001111111111111100000000111000000000111
11110000000666600000000000000011111111100011111111110011111000111111111111111111
11111100000000000000000000000000011111100001111000000000001111110001110000111111
11111111111000000000000000000000000111110000111100000000000000000000000022011111
11111111111110000000000000000000000000000000000000000000000000000000000000011111
11111111111111111111000000000000000000000000000000000000000000000111111111111111
11111111111111111111110000000000000000000000000000000000000111111111111111111111
11111111111111111111100000000000000000000000000000000000001111111111111111111111
11111111111111100000000000000000000000000000000000000000000011111111111111111111
11111000000000000000000000000000000000000011000000000000000000000001111111111111
11111033000000000000000000000000111100000111100000000000000000000000011111111111
11111100001110001111110000000000011110001111111000000000000000000000000000111111
11111111111111111100011100111111111110001111111111000000000000000777700000001111
11100000000011100000000111111111111100011111111100000000000000007777770000011111
11000300000001000003000000000111111100011111000000000000000000007777770000111111
11110000000000000000000000000000111100000111000000000011100000000777700011111111
11111111111000000000000000300000000000000000000003000011111000000000000001111111
11111111000000000000000000000000000000300000000000000111110000000000000000011111
11110000000000000000000000000000000000000000000000011111110000000000000000001111
11000000000011000300011110000111111110000000000001111111111100000000000000001111
11050000000011100000011110030011111111100000011111111111111111111000000030001111
11000001111111110000111111000011111111110000001111111111111111111100000300001111
11111111111111111111111111111111111111111003001111111111111111111111100000011111
11111111111111111111111111111111111111111111111111111111111111111111111111111111
